2 
2 0 
-2 2 
0 2 0 
2 -2 2 
-4 0 2 0 
2 2 -2 2 
6 -4 0 2 0 
-10 2 2 -2 2 
2 6 -4 0 2 0 
10 -10 2 2 -2 2 
-16 2 6 -4 0 2 0 
10 10 -10 2 2 -2 2 
12 -16 2 6 -4 0 2 0 
-30 10 10 -10 2 2 -2 2 
16 12 -16 2 6 -4 0 2 0 
14 -30 10 10 -10 2 2 -2 2 
-28 16 12 -16 2 6 -4 0 2 0 
22 14 -30 10 10 -10 2 2 -2 2 
4 -28 16 12 -16 2 6 -4 0 2 0 
-30 22 14 -30 10 10 -10 2 2 -2 2 
16 4 -28 16 12 -16 2 6 -4 0 2 0 
18 -30 22 14 -30 10 10 -10 2 2 -2 2 
-22 16 4 -28 16 12 -16 2 6 -4 0 2 0 
-2 18 -30 22 14 -30 10 10 -10 2 2 -2 2 
30 -22 16 4 -28 16 12 -16 2 6 -4 0 2 0 
-38 -2 18 -30 22 14 -30 10 10 -10 2 2 -2 2 
8 30 -22 16 4 -28 16 12 -16 2 6 -4 0 2 0 
42 -38 -2 18 -30 22 14 -30 10 10 -10 2 2 -2 2 
-68 8 30 -22 16 4 -28 16 12 -16 2 6 -4 0 2 0 
34 42 -38 -2 18 -30 22 14 -30 10 10 -10 2 2 -2 2 
28 -68 8 30 -22 16 4 -28 16 12 -16 2 6 -4 0 2 0 
-54 34 42 -38 -2 18 -30 22 14 -30 10 10 -10 2 2 -2 2 
48 28 -68 8 30 -22 16 4 -28 16 12 -16 2 6 -4 0 2 0 
-14 -54 34 42 -38 -2 18 -30 22 14 -30 10 10 -10 2 2 -2 2 
-40 48 28 -68 8 30 -22 16 4 -28 16 12 -16 2 6 -4 0 2 0 
34 -14 -54 34 42 -38 -2 18 -30 22 14 -30 10 10 -10 2 2 -2 2 
28 -40 48 28 -68 8 30 -22 16 4 -28 16 12 -16 2 6 -4 0 2 0 
-46 34 -14 -54 34 42 -38 -2 18 -30 22 14 -30 10 10 -10 2 2 -2 2 
0 28 -40 48 28 -68 8 30 -22 16 4 -28 16 12 -16 2 6 -4 0 2 0 
58 -46 34 -14 -54 34 42 -38 -2 18 -30 22 14 -30 10 10 -10 2 2 -2 2 
-84 0 28 -40 48 28 -68 8 30 -22 16 4 -28 16 12 -16 2 6 -4 0 2 0 
50 58 -46 34 -14 -54 34 42 -38 -2 18 -30 22 14 -30 10 10 -10 2 2 -2 2 
48 -84 0 28 -40 48 28 -68 8 30 -22 16 4 -28 16 12 -16 2 6 -4 0 2 0 
-118 50 58 -46 34 -14 -54 34 42 -38 -2 18 -30 22 14 -30 10 10 -10 2 2 -2 2 
60 48 -84 0 28 -40 48 28 -68 8 30 -22 16 4 -28 16 12 -16 2 6 -4 0 2 0 
34 -118 50 58 -46 34 -14 -54 34 42 -38 -2 18 -30 22 14 -30 10 10 -10 2 2 -2 2 
-50 60 48 -84 0 28 -40 48 28 -68 8 30 -22 16 4 -28 16 12 -16 2 6 -4 0 2 0 
26 34 -118 50 58 -46 34 -14 -54 34 42 -38 -2 18 -30 22 14 -30 10 10 -10 2 2 -2 2 
10 -50 60 48 -84 0 28 -40 48 28 -68 8 30 -22 16 4 -28 16 12 -16 2 6 -4 0 2 0 
