108916553
141719655
42157296
71325801
156633146
99203116
98462206
150485382
173144807
55152039
122514890
86445560
148751729
148512705
43304311
80150812
94829593
70473217
88439782
101171582
59210625
119108686
58460590
132250261
70456735
88264649
77986256
115535908
149145322
117745265
97212199
113631007
141759020
116934613
178414310
133651084
175172921
149599732
88144898
142711627
145161563
50398188
112818996
127013332
77449380
101909857
94227177
81649096
82941946
101998271
135403838
98623499
106998836
55687531
91980741
150559897
165111266
55859612
89259202
195347987
61935667
153136249
110128854
106320157
157306619
113094147
78258778
61643701
102345878
152833415
80763825
102042029
101955495
172799393
95309106
161450183
86487126
124980694
94447535
125409590
134852160
109989563
57957632
75750025
78169048
128337215
59171004
158411497
132418968
154975954
81324042
111079372
73842133
148714882
92150072
76733494
85847603
84971201
90639841
87882714
