15 100
407655136 687065791
109944194 140141716
598569974 884593820
818536985 517221237
144844862 325388575
480387068 998806943
509324730 864046999
543599991 974738250
463931671 672101857
201757008 352231421
870645518 706206275
903170171 80198618
19299790 189112190
545879477 29004409
166974786 704654642
13 712803231 827928115
8 17783637 26620026
11 242458803 198972958
12 775788066 774194601
11 478907836 560221083
8 26284460 182297222
1 324008589 425957104
5 151776367 625490547
6 746330310 675861684
9 354488577 227104452
15 415927154 972814093
4 634046572 157130894
2 712844149 292918859
1 358847377 831858898
3 347152431 209349828
15 593663243 689031963
8 141682938 613034260
3 300343303 26746441
9 538077924 695951409
11 404903922 407015086
14 213132600 105547194
7 102220329 526647083
10 160668862 795760979
3 66220325 942639828
5 480187617 269441876
13 164592946 527826854
9 514916199 22432169
15 87232450 757332872
5 225338709 666821698
3 18979181 272556170
9 203226006 109509643
10 799619673 781439214
4 286484940 377183346
2 602309807 485979729
13 120550749 861731101
11 955692706 969168489
2 866363250 685912520
13 957199329 921969116
10 409353527 776443161
4 711301801 455821592
6 127386739 445026531
15 325779621 758217030
13 915178306 692757361
10 359542111 283942061
2 212238202 343928327
8 62704474 739170291
14 114907029 821538101
3 551564441 356071839
10 110334378 815266903
14 766811653 15021380
15 60820502 725808996
14 903123357 496418526
2 756490372 624726066
8 524525777 624372551
9 110010287 480201213
8 830422046 289903091
6 896959000 588662688
13 880490374 130989034
11 318824049 820478838
10 274752707 349098282
3 544363321 478834520
2 962663376 927522319
1 302187316 189642595
14 286230642 243968253
9 596123865 118787116
2 383581328 87028586
12 506291312 458883030
7 264216447 248088460
8 657253094 323927269
14 307630992 752863322
4 27113843 431534555
9 369347718 112070971
15 558308352 759155266
14 494365541 119095879
15 856227222 779774626
8 578078799 211263889
1 810706417 520130515
6 21367147 341730414
6 580444464 471162543
11 500105975 319072335
13 613192364 203196438
15 809023787 55999255
15 989287698 33192296
5 935629237 85228130
11 160245103 681642553
11 64559170 557077761
2 898471698 814623782
9 116142080 995263805
2 859807013 883064419
2 873729056 877478375
12 262324587 180756054
15 170488154 762234839
5 731996461 935168022
9 968580492 77245972
14 371762408 487088461
7 44401581 664935267
1 607814521 187007226
11 786131612 9554107
3 493978969 928109358
7 947273691 419538089
